7757 32327 24566 17150 6874 
1247 21684 21365 1185 16448 
22957 15228 4855 16447 24046 
4668 4974 8947 12998 8472 
12782 3189 13434 14737 1800 
19428 27450 8806 24710 20908 
14420 24575 30791 23304 25512 
23563 3402 30406 7516 12393 
4872 18251 18385 6468 27399 
9686 7637 21123 23724 2825 
2330 25696 16209 24741 15590 
9046 2711 8341 26893 26433 
16637 25902 6429 15809 26802 
20149 5080 7135 1704 25121 
20199 21235 20458 17699 19148 
19653 1327 31588 27417 21234 
11439 2318 7903 26001 7733 
7821 28010 25879 5494 12695 
15147 4984 16033 10089 23286 
12431 28983 29780 16238 13760 
3357 21625 24765 29916 11760 
465 10888 7748 10392 2928 
1569 29266 1824 12810 21759 
8692 30404 28086 28524 8858 
23628 242 31614 31059 665 
15591 12360 16690 6014 23279 
22865 28919 27345 3925 11846 
9195 9153 14684 21227 27148 
24681 21634 4951 25450 29606 
3845 12385 10961 13606 10663 
20566 21416 6082 1198 26605 
32537 31246 32304 12156 19571 
25902 1421 30827 10444 11755 
2109 30441 16874 11270 7116 
21471 8292 31691 2338 6946 
11524 32234 7432 23021 9584 
2435 25064 398 17417 1152 
9940 25183 7956 22055 30666 
21240 792 26607 27447 22435 
19590 10387 26809 24081 1183 
17766 19753 24907 17811 3558 
4057 2538 10726 13715 19738 
7819 19224 26626 23042 22654 
4997 25389 17772 28862 26506 
3085 27199 31014 27113 12651 
30452 21985 24431 28915 3666 
27427 30164 29322 25980 21270 
29154 28129 814 12312 2265 
11850 1092 28451 26899 2251 
2428 3724 13796 30833 12924 
15601 31428 21735 18967 25709 
22960 22343 1996 30221 30925 
24880 2703 2440 29519 14873 
28877 9514 20889 14053 12714 
16914 19621 32695 7053 24733 
24743 26631 7134 16674 29421 
3318 13326 5344 3850 11742 
16344 15156 32563 29486 28871 
24336 17385 6005 8953 2216 
11993 9916 28450 30574 9472 
18457 7635 22593 19474 17793 
24573 11233 10013 17886 28849 
29095 26217 28001 1065 27251 
28324 22554 10252 2021 23355 
8902 30958 23504 11 30184 
20758 7147 11833 18203 21637 
3530 16478 17574 32308 28429 
12776 8017 4764 11736 17853 
9847 7035 1411 33 27229 
20694 21394 30681 22722 4922 
14567 17040 1975 23368 23350 
123 8881 17009 23226 19257 
11741 2301 20518 3069 5043 
15698 26335 31982 12494 26739 
26472 22990 20987 25543 17949 
986 22672 15388 2597 7410 
30975 17899 8354 24058 18346 
18141 28714 11392 2041 22671 
16507 13215 29098 26770 19050 
1059 24681 31159 1053 32749 
8609 2697 32122 5274 21649 
17690 24799 2399 4258 23555 
27668 25655 17912 14502 30078 
10817 3143 24246 20885 32611 
21480 10490 11416 26932 11564 
17229 11391 14617 6640 1514 
28465 25006 7537 5606 14583 
15207 32354 28414 26416 31863 
28476 14995 31559 26608 4310 
6131 20963 30764 821 14810 
23133 2157 30885 32057 25207 
16832 32520 23861 19019 20263 
29551 26739 13441 7414 21479 
7059 1733 10110 25494 17658 
20088 7401 21766 21973 23974 
22117 28352 17498 13369 27781 
24093 25425 2412 27363 11353 
21204 2434 26379 2537 28243 
7095 32404 25614 23515 17527 
144 30891 8343 30670 17959 
