14867 24680 8872 25432 21865 
17285 18997 10570 16397 30572 
22339 31508 1553 124 779 
6687 23563 5754 25989 16527 
19808 10702 13777 28696 8131 
18671 27093 8979 4088 31260 
31016 5073 19422 23885 18222 
3631 19884 10857 30853 32618 
31867 24505 14240 14389 13829 
13469 11442 5385 9644 9341 
11470 189 3262 9731 25676 
1366 24567 25223 110 24352 
24135 459 7236 17918 1238 
24041 29900 24830 1094 13193 
10334 6192 6968 8791 1351 
14521 31249 4533 11189 7971 
5118 19884 1747 23543 309 
28713 24884 1678 22142 27238 
6261 12836 5618 17062 13342 
14638 7427 23077 25546 21229 
13245 20303 10376 10052 8524 
20528 11648 21703 27069 28972 
5082 7444 6409 23536 13787 
11110 16207 27304 9553 10599 
609 882 26930 5702 26754 
18451 16000 5130 16494 28138 
24687 7974 19099 21026 7114 
25677 1983 7723 12691 10375 
20626 4202 19690 30597 6869 
15663 4143 3121 3987 23528 
32107 10122 22183 29845 15852 
18863 15230 380 3376 313 
3870 22814 19205 17614 27495 
29801 30957 2804 15257 25903 
9927 5154 11799 4311 4780 
6941 29547 851 24 24450 
28297 28242 2634 16030 14936 
10422 30189 20102 10350 16968 
17911 12132 7451 32682 6098 
1808 27818 21134 2746 23264 
7651 8742 13926 15296 13781 
30683 29930 30853 28882 25666 
988 19070 3258 12364 16565 
12364 2173 11965 1147 27380 
31963 16863 25245 20787 29294 
26999 20255 27922 22763 27896 
28662 6073 933 30199 7606 
1928 20306 11999 22378 1124 
21778 14822 11715 13903 20141 
5183 26998 16956 4124 14737 
28895 10529 14924 7081 12522 
7501 2846 17004 3379 16892 
28338 10255 7020 2345 13797 
9610 11776 9123 5656 841 
29173 14179 22068 549 9239 
20509 19690 28820 8531 15893 
5184 8220 22113 22324 5705 
20238 21158 20059 22323 23152 
600 5367 8328 19515 21475 
31446 29101 6599 19595 57 
22959 9859 20563 3626 7742 
24297 8478 2319 21498 32689 
22805 29056 19438 23877 25672 
1878 31322 16246 15768 8964 
15030 9581 29396 14635 5363 
1508 13346 15464 26628 24470 
29345 20849 7581 11763 21068 
2400 19259 5657 29474 5710 
25700 24576 21892 11812 25136 
4084 24030 4014 1032 13385 
15241 24049 3502 15178 14064 
17855 9853 25970 10994 8584 
15859 10207 11656 3955 6508 
4867 11176 11693 28464 4509 
31849 28929 12976 5095 12135 
18858 30221 31505 6761 2661 
1242 22767 27201 17866 7203 
22511 15092 5595 25518 24397 
31515 478 3200 18314 7817 
30312 14499 13082 25646 955 
4135 24413 13115 22097 10087 
464 21383 7609 6798 1413 
1330 21922 601 15568 15240 
9526 9758 23364 32552 18601 
3853 19421 15205 14609 24758 
14207 31468 1656 6859 20383 
22439 6191 10279 12608 8674 
18278 24336 29730 685 2042 
22201 14902 7553 5006 13835 
21332 29990 19165 24485 18736 
6099 16718 7970 26507 22168 
9930 15258 5286 3065 970 
4971 3580 13788 31668 9529 
23856 26277 2407 10803 6469 
20895 27156 9624 18445 30366 
10833 3450 29668 12514 2408 
28867 18846 11583 9973 15989 
21181 2939 11952 4662 8167 
12024 30343 10763 30616 658 
17136 26980 23829 13259 9597 
